0.000000	 0.707107
0.059180	 0.693013
0.118152	 0.678649
0.176710	 0.664021
0.234648	 0.649135
0.291764	 0.633995
0.347857	 0.618608
0.402731	 0.602981
0.456194	 0.587118
0.508057	 0.571027
0.558139	 0.554713
0.606265	 0.538183
0.652266	 0.521444
0.695980	 0.504501
0.737255	 0.487362
0.775945	 0.470033
0.811916	 0.452520
0.845040	 0.434832
0.875203	 0.416974
0.902297	 0.398954
0.926229	 0.380778
0.946914	 0.362454
0.964280	 0.343989
0.978266	 0.325389
0.988822	 0.306663
0.995913	 0.287818
0.999512	 0.268860
0.999608	 0.249798
0.996201	 0.230638
0.989301	 0.211388
0.978933	 0.192056
0.965134	 0.172650
0.947952	 0.153176
0.927447	 0.133642
0.903691	 0.114056
0.876767	 0.094426
0.846770	 0.074759
0.813805	 0.055063
0.777987	 0.035345
0.739442	 0.015614
0.698305	 -0.004123
0.654721	 -0.023859
0.608841	 -0.043586
0.560827	 -0.063295
0.510848	 -0.082980
0.459078	 -0.102633
0.405698	 -0.122245
0.350897	 -0.141810
0.294865	 -0.161320
0.237800	 -0.180767
0.179901	 -0.200143
0.121372	 -0.219441
0.062417	 -0.238654
0.003244	 -0.257774
-0.055941	 -0.276794
-0.114930	 -0.295706
-0.173516	 -0.314502
-0.231494	 -0.333176
-0.288660	 -0.351720
-0.344815	 -0.370128
-0.399760	 -0.388391
-0.453305	 -0.406502
-0.505260	 -0.424455
-0.555445	 -0.442243
-0.603682	 -0.459859
-0.649804	 -0.477296
-0.693647	 -0.494546
-0.735059	 -0.511604
-0.773895	 -0.528463
-0.810018	 -0.545115
-0.843301	 -0.561556
-0.873629	 -0.577777
-0.900894	 -0.593774
-0.925001	 -0.609539
-0.945866	 -0.625067
-0.963416	 -0.640351
-0.977588	 -0.655386
-0.988333	 -0.670165
-0.995615	 -0.684683
-0.999406	 -0.698935
-0.999694	 -0.712914
-0.996478	 -0.726616
-0.989769	 -0.740034
-0.979590	 -0.753164
-0.965978	 -0.766001
-0.948980	 -0.778540
-0.928655	 -0.790775
-0.905075	 -0.802702
-0.878322	 -0.814316
-0.848491	 -0.825613
-0.815686	 -0.836588
-0.780021	 -0.847238
-0.741622	 -0.857557
-0.700623	 -0.867543
-0.657169	 -0.877190
-0.611411	 -0.886495
-0.563510	 -0.895456
-0.513634	 -0.904067
-0.461957	 -0.912326
-0.408661	 -0.920230
-0.353932	 -0.927775
-0.297963	 -0.934959
-0.240949	 -0.941779
-0.183091	 -0.948232
-0.124591	 -0.954315
-0.065654	 -0.960026
-0.006487	 -0.965364
0.052703	 -0.970325
0.111707	 -0.974909
0.170321	 -0.979112
0.228337	 -0.982934
0.285553	 -0.986374
0.341768	 -0.989429
0.396785	 -0.992098
0.450411	 -0.994381
0.502459	 -0.996277
0.552745	 -0.997784
0.601093	 -0.998903
0.647335	 -0.999633
0.691307	 -0.999973
0.732856	 -0.999923
0.771837	 -0.999485
0.808112	 -0.998656
0.841554	 -0.997439
0.872046	 -0.995833
0.899481	 -0.993839
0.923764	 -0.991458
0.944809	 -0.988691
0.962541	 -0.985538
0.976900	 -0.982002
0.987834	 -0.978083
0.995306	 -0.973783
0.999289	 -0.969103
0.999769	 -0.964046
0.996745	 -0.958614
0.990226	 -0.952808
0.980237	 -0.946631
0.966812	 -0.940085
0.949997	 -0.933173
0.929853	 -0.925897
0.906449	 -0.918260
0.879868	 -0.910266
0.850203	 -0.901917
0.817558	 -0.893217
0.782046	 -0.884169
0.743794	 -0.874777
0.702934	 -0.865043
0.659610	 -0.854973
0.613975	 -0.844569
0.566187	 -0.833837
0.516414	 -0.822780
0.464831	 -0.811402
0.411619	 -0.799708
0.356964	 -0.787702
0.301057	 -0.775390
0.244096	 -0.762775
0.186279	 -0.749864
0.127808	 -0.736660
0.068890	 -0.723169
0.009731	 -0.709397
-0.049463	 -0.695348
-0.108484	 -0.681028
-0.167124	 -0.666443
-0.225178	 -0.651598
-0.282443	 -0.636500
-0.338718	 -0.621153
-0.393806	 -0.605565
-0.447513	 -0.589741
-0.499652	 -0.573686
-0.550039	 -0.557409
-0.598498	 -0.540914
-0.644859	 -0.524208
-0.688960	 -0.507299
-0.730646	 -0.490191
-0.769770	 -0.472893
-0.806197	 -0.455410
-0.839797	 -0.437750
-0.870454	 -0.419920
-0.898059	 -0.401926
-0.922517	 -0.383775
-0.943741	 -0.365475
-0.961657	 -0.347032
-0.976202	 -0.328455
-0.987325	 -0.309749
-0.994987	 -0.290922
-0.999161	 -0.271983
-0.999833	 -0.252937
-0.997001	 -0.233793
-0.990673	 -0.214557
-0.980873	 -0.195238
-0.967635	 -0.175843
-0.951005	 -0.156380
-0.931042	 -0.136856
-0.907814	 -0.117278
-0.881405	 -0.097654
-0.851906	 -0.077993
-0.819421	 -0.058301
-0.784064	 -0.038587
-0.745958	 -0.018857
-0.705237	 0.000880
-0.662045	 0.020616
-0.616532	 0.040345
-0.568857	 0.060058
-0.519189	 0.079747
-0.467700	 0.099406
-0.414573	 0.119025
-0.359992	 0.138599
-0.304149	 0.158118
-0.247240	 0.177576
-0.189464	 0.196964
-0.131025	 0.216276
-0.072126	 0.235503
-0.012974	 0.254639
0.046223	 0.273676
0.105259	 0.292606
0.163925	 0.311422
0.222017	 0.330116
0.279330	 0.348682
0.335664	 0.367112
0.390822	 0.385400
0.444610	 0.403537
0.496839	 0.421516
0.547327	 0.439332
0.595896	 0.456976
0.642377	 0.474443
0.686605	 0.491724
0.728427	 0.508814
0.767696	 0.525706
0.804273	 0.542393
0.838032	 0.558869
0.868853	 0.575127
0.896628	 0.591161
0.921260	 0.606964
0.942663	 0.622532
0.960762	 0.637856
0.975493	 0.652932
0.986805	 0.667754
0.994657	 0.682316
0.999023	 0.696611
0.999887	 0.710636
0.997247	 0.724383
0.991110	 0.737849
0.981500	 0.751027
0.968449	 0.763912
0.952003	 0.776500
0.932220	 0.788785
0.909170	 0.800763
0.882933	 0.812429
0.853600	 0.823778
0.821276	 0.834807
0.786073	 0.845510
0.748114	 0.855884
0.707533	 0.865925
0.664472	 0.875628
0.619082	 0.884990
0.571522	 0.894007
0.521958	 0.902676
0.470565	 0.910993
0.417522	 0.918956
0.363016	 0.926560
0.307237	 0.933804
0.250382	 0.940683
0.192648	 0.947196
0.134240	 0.953341
0.075361	 0.959113
0.016217	 0.964513
-0.042983	 0.969536
-0.102033	 0.974182
-0.160724	 0.978448
-0.218853	 0.982333
-0.276214	 0.985835
-0.332607	 0.988953
-0.387835	 0.991686
-0.441702	 0.994033
-0.494022	 0.995992
-0.544610	 0.997563
-0.593288	 0.998746
-0.639887	 0.999540
-0.684244	 0.999944
-0.726201	 0.999958
-0.765613	 0.999583
-0.802342	 0.998819
-0.836258	 0.997666
-0.867242	 0.996124
-0.895187	 0.994193
-0.919994	 0.991876
-0.941576	 0.989172
-0.959857	 0.986083
-0.974774	 0.982609
-0.986274	 0.978753
-0.994317	 0.974515
-0.998875	 0.969898
-0.999931	 0.964903
-0.997482	 0.959532
-0.991537	 0.953788
-0.982116	 0.947671
-0.969252	 0.941186
-0.952991	 0.934334
-0.933389	 0.927117
-0.910516	 0.919540
-0.884451	 0.911604
-0.855286	 0.903314
-0.823122	 0.894671
-0.788074	 0.885680
-0.750263	 0.876344
-0.709822	 0.866666
-0.666893	 0.856651
-0.621626	 0.846302
-0.574180	 0.835623
-0.524722	 0.824619
-0.473425	 0.813293
-0.420467	 0.801651
-0.366036	 0.789696
-0.310322	 0.777434
-0.253521	 0.764869
-0.195830	 0.752006
-0.137453	 0.738850
-0.078594	 0.725406
-0.019460	 0.711679
0.039742	 0.697675
0.098805	 0.683400
0.157522	 0.668858
0.215687	 0.654055
0.273095	 0.638998
0.329547	 0.623692
0.384843	 0.608143
0.438790	 0.592357
0.491199	 0.576340
0.541886	 0.560099
0.590674	 0.543639
0.637391	 0.526968
0.681875	 0.510091
0.723967	 0.493016
0.763523	 0.475749
0.800401	 0.458296
0.834475	 0.440664
0.865623	 0.422861
0.893737	 0.404894
0.918718	 0.386768
0.940478	 0.368492
0.958942	 0.350073
0.974045	 0.331516
0.985734	 0.312831
0.993967	 0.294024
0.998716	 0.275103
0.999964	 0.256074
0.997707	 0.236945
0.991952	 0.217724
0.982721	 0.198419
0.970045	 0.179036
0.953969	 0.159583
0.934548	 0.140068
0.911852	 0.120498
0.885960	 0.100882
0.856962	 0.081226
0.824960	 0.061539
0.790066	 0.041828
0.752403	 0.022100
0.712103	 0.002364
0.669306	 -0.017373
0.624164	 -0.037104
0.576833	 -0.056820
0.527481	 -0.076514
0.476279	 -0.096178
0.423408	 -0.115804
0.369053	 -0.135386
0.313404	 -0.154914
0.256657	 -0.174383
0.199010	 -0.193783
0.140665	 -0.213108
0.081828	 -0.232350
0.022703	 -0.251501
-0.036501	 -0.270554
-0.095577	 -0.289502
-0.154318	 -0.308338
-0.212518	 -0.327053
-0.269974	 -0.345640
-0.326483	 -0.364093
-0.381847	 -0.382405
-0.435873	 -0.400567
-0.488371	 -0.418573
-0.539157	 -0.436416
-0.588054	 -0.454089
-0.634889	 -0.471585
-0.679498	 -0.488897
-0.721726	 -0.506019
-0.761424	 -0.522944
-0.798453	 -0.539665
-0.832683	 -0.556176
-0.863994	 -0.572470
-0.892277	 -0.588542
-0.917432	 -0.604383
-0.939371	 -0.619990
-0.958018	 -0.635355
-0.973306	 -0.650472
-0.985182	 -0.665336
-0.993606	 -0.679941
-0.998546	 -0.694281
-0.999986	 -0.708350
-0.997921	 -0.722144
-0.992358	 -0.735656
-0.983316	 -0.748881
-0.970828	 -0.761815
-0.954936	 -0.774452
-0.935698	 -0.786787
-0.913179	 -0.798816
-0.887459	 -0.810534
-0.858629	 -0.821935
-0.826789	 -0.833017
-0.792050	 -0.843774
-0.754536	 -0.854202
-0.714376	 -0.864298
-0.671713	 -0.874057
-0.626694	 -0.883475
-0.579480	 -0.892549
-0.530233	 -0.901276
-0.479129	 -0.909651
-0.426344	 -0.917672
-0.372066	 -0.925335
-0.316483	 -0.932638
-0.259790	 -0.939578
-0.202187	 -0.946151
-0.143876	 -0.952356
-0.085060	 -0.958190
-0.025946	 -0.963651
0.033259	 -0.968736
0.092348	 -0.973444
0.151113	 -0.977773
0.209348	 -0.981720
0.266849	 -0.985286
0.323415	 -0.988467
0.378847	 -0.991263
0.432951	 -0.993674
0.485538	 -0.995697
0.536423	 -0.997332
0.585427	 -0.998578
0.632379	 -0.999436
0.677115	 -0.999904
0.719477	 -0.999983
0.759317	 -0.999672
0.796496	 -0.998971
0.830882	 -0.997882
0.862357	 -0.996404
0.890808	 -0.994537
0.916137	 -0.992283
0.938254	 -0.989643
0.957083	 -0.986617
0.972556	 -0.983206
0.984621	 -0.979413
0.993234	 -0.975238
0.998366	 -0.970683
0.999998	 -0.965750
0.998125	 -0.960441
0.992753	 -0.954757
0.983901	 -0.948702
0.971600	 -0.942277
0.955894	 -0.935485
0.936837	 -0.928328
0.914496	 -0.920810
0.888950	 -0.912933
0.860287	 -0.904700
0.828609	 -0.896115
0.794026	 -0.887181
0.756660	 -0.877901
0.716642	 -0.868280
0.674112	 -0.858320
0.629219	 -0.848025
0.582120	 -0.837400
0.532981	 -0.826449
0.481973	 -0.815176
0.429276	 -0.803586
0.375074	 -0.791682
0.319558	 -0.779470
0.262921	 -0.766954
0.205363	 -0.754140
0.147085	 -0.741031
0.088291	 -0.727634
0.029188	 -0.713954
-0.030017	 -0.699995
-0.089118	 -0.685764
-0.147906	 -0.671266
-0.206175	 -0.656506
-0.263722	 -0.641490
-0.320344	 -0.626224
-0.375843	 -0.610715
-0.430025	 -0.594967
-0.482700	 -0.578988
-0.533683	 -0.562783
-0.582794	 -0.546359
-0.629863	 -0.529722
-0.674725	 -0.512878
-0.717221	 -0.495835
-0.757203	 -0.478599
-0.794530	 -0.461176
-0.829073	 -0.443574
-0.860710	 -0.425799
-0.889329	 -0.407857
-0.914831	 -0.389757
-0.937127	 -0.371506
-0.956137	 -0.353109
-0.971796	 -0.334575
-0.984049	 -0.315910
-0.992852	 -0.297123
-0.998175	 -0.278219
-0.999999	 -0.259208
-0.998318	 -0.240095
-0.993137	 -0.220889
-0.984476	 -0.201597
-0.972363	 -0.182226
-0.956842	 -0.162784
-0.937967	 -0.143279
-0.915804	 -0.123718
-0.890430	 -0.104109
-0.861936	 -0.084459
-0.830420	 -0.064776
-0.795994	 -0.045068
-0.758777	 -0.025343
-0.718901	 -0.005607
-0.676504	 0.014130
-0.631736	 0.033862
-0.584754	 0.053581
-0.535722	 0.073279
-0.484813	 0.092949
-0.432203	 0.112582
-0.378079	 0.132171
-0.322630	 0.151709
-0.266049	 0.171188
-0.208536	 0.190600
-0.150292	 0.209938
-0.091522	 0.229194
-0.032430	 0.248360
0.026775	 0.267430
0.085887	 0.286396
0.144697	 0.305250
0.203000	 0.323986
0.260592	 0.342595
0.317270	 0.361070
0.372836	 0.379405
0.427095	 0.397593
0.479857	 0.415625
0.530937	 0.433495
0.580156	 0.451197
0.627341	 0.468722
0.672327	 0.486065
0.714957	 0.503219
0.755080	 0.520177
0.792557	 0.536932
0.827255	 0.553478
0.859054	 0.569808
0.887841	 0.585916
0.913517	 0.601796
0.935990	 0.617442
0.955182	 0.632847
0.971026	 0.648005
0.983467	 0.662911
0.992460	 0.677559
0.997974	 0.691943
0.999990	 0.706057
0.998501	 0.719896
0.993512	 0.733455
0.985040	 0.746728
0.973115	 0.759710
0.957779	 0.772396
0.939086	 0.784781
0.917102	 0.796860
0.891902	 0.808630
0.863576	 0.820083
0.832223	 0.831218
0.797953	 0.842029
0.760886	 0.852511
0.721152	 0.862662
0.678889	 0.872476
0.634248	 0.881951
0.587382	 0.891082
0.538458	 0.899866
0.487647	 0.908299
0.435126	 0.916378
0.381080	 0.924101
0.325698	 0.931463
0.269175	 0.938463
0.211708	 0.945096
0.153498	 0.951362
0.094751	 0.957257
0.035672	 0.962779
-0.023533	 0.967926
-0.082655	 0.972696
-0.141487	 0.977088
-0.199823	 0.981098
-0.257459	 0.984726
-0.314192	 0.987971
-0.369824	 0.990830
-0.424160	 0.993304
-0.477008	 0.995391
-0.528185	 0.997090
-0.577511	 0.998400
-0.624812	 0.999322
-0.669922	 0.999854
-0.712685	 0.999997
-0.752949	 0.999750
-0.790575	 0.999113
-0.825429	 0.998088
-0.857389	 0.996673
-0.886344	 0.994870
-0.912193	 0.992680
-0.934843	 0.990103
-0.954217	 0.987140
-0.970246	 0.983793
-0.982874	 0.980063
-0.992057	 0.975950
-0.997762	 0.971458
-0.999970	 0.966586
-0.998673	 0.961339
-0.993875	 0.955717
-0.985594	 0.949722
-0.973857	 0.943358
-0.958707	 0.936626
-0.940196	 0.929529
-0.918390	 0.922070
-0.893364	 0.914252
-0.865207	 0.906077
-0.834017	 0.897550
-0.799904	 0.888673
-0.762987	 0.879450
-0.723395	 0.869884
-0.681267	 0.859979
-0.636752	 0.849740
-0.590004	 0.839169
-0.541189	 0.828271
-0.490476	 0.817051
-0.438044	 0.805512
-0.384077	 0.793659
-0.328763	 0.781498
-0.272297	 0.769032
-0.214876	 0.756266
-0.156703	 0.743206
-0.097980	 0.729856
-0.038913	 0.716221
0.020290	 0.702308
0.079422	 0.688121
0.138275	 0.673666
0.196644	 0.658949
0.254323	 0.643975
0.311111	 0.628750
0.366808	 0.613280
0.421220	 0.597571
0.474155	 0.581629
0.525428	 0.565461
0.574860	 0.549073
0.622276	 0.532470
0.667511	 0.515660
0.710406	 0.498649
0.750811	 0.481444
0.788584	 0.464052
0.823593	 0.446478
0.855715	 0.428731
0.884838	 0.410817
0.910859	 0.392742
0.933687	 0.374515
0.953242	 0.356142
0.969456	 0.337630
0.982271	 0.318986
0.991644	 0.300218
0.997540	 0.281334
0.999940	 0.262339
0.998835	 0.243243
0.994228	 0.224051
0.986137	 0.204773
0.974589	 0.185414
0.959624	 0.165983
0.941296	 0.146488
0.919668	 0.126936
0.894817	 0.107334
0.866829	 0.087690
0.835802	 0.068012
0.801846	 0.048308
0.765079	 0.028585
0.725630	 0.008851
0.683638	 -0.010887
0.639250	 -0.030620
0.592620	 -0.050342
0.543913	 -0.070044
0.493300	 -0.089719
0.440958	 -0.109358
0.387070	 -0.128955
0.331825	 -0.148502
0.275417	 -0.167991
0.218043	 -0.187415
0.159905	 -0.206765
0.101207	 -0.226035
0.042154	 -0.245217
-0.017047	 -0.264304
-0.076188	 -0.283287
-0.135062	 -0.302160
-0.193462	 -0.320915
-0.251185	 -0.339546
-0.308027	 -0.358044
-0.363789	 -0.376402
-0.418276	 -0.394614
-0.471297	 -0.412673
-0.522666	 -0.430570
-0.572202	 -0.448300
-0.619734	 -0.465855
-0.665092	 -0.483228
-0.708119	 -0.500414
-0.748665	 -0.517404
-0.786585	 -0.534193
-0.821749	 -0.550773
-0.854032	 -0.567139
-0.883322	 -0.583285
-0.909515	 -0.599203
-0.932520	 -0.614887
-0.952257	 -0.630332
-0.968655	 -0.645531
-0.981658	 -0.660479
-0.991220	 -0.675170
-0.997308	 -0.689597
-0.999899	 -0.703756
-0.998986	 -0.717641
-0.994571	 -0.731246
-0.986670	 -0.744566
-0.975310	 -0.757597
-0.960532	 -0.770332
-0.942386	 -0.782767
-0.920937	 -0.794897
-0.896260	 -0.806717
-0.868442	 -0.818223
-0.837579	 -0.829410
-0.803780	 -0.840275
-0.767164	 -0.850811
-0.727859	 -0.861017
-0.686002	 -0.870887
-0.641740	 -0.880417
-0.595230	 -0.889605
-0.546632	 -0.898446
-0.496119	 -0.906937
-0.443867	 -0.915075
-0.390058	 -0.922856
-0.334883	 -0.930278
-0.278533	 -0.937337
-0.221208	 -0.944031
-0.163106	 -0.950358
-0.104433	 -0.956314
-0.045394	 -0.961898
0.013804	 -0.967106
0.072953	 -0.971939
0.131847	 -0.976392
0.190279	 -0.980465
0.248044	 -0.984156
0.304939	 -0.987464
0.360766	 -0.990387
0.415328	 -0.992924
0.468434	 -0.995074
0.519898	 -0.996837
0.569539	 -0.998211
0.617185	 -0.999197
0.662666	 -0.999793
0.705825	 -1.000000
0.746510	 -0.999817
0.784579	 -0.999245
0.819896	 -0.998283
0.852340	 -0.996932
0.881797	 -0.995193
0.908162	 -0.993067
0.931344	 -0.990553
0.951261	 -0.987654
0.967844	 -0.984370
0.981035	 -0.980702
0.990786	 -0.976652
0.997065	 -0.972222
0.999848	 -0.967413
0.999127	 -0.962227
0.994903	 -0.956666
0.987193	 -0.950733
0.976021	 -0.944429
0.961429	 -0.937757
0.943466	 -0.930720
0.922196	 -0.923321
0.897694	 -0.915561
0.870045	 -0.907445
0.839346	 -0.898976
0.805706	 -0.890156
0.769240	 -0.880989
0.730079	 -0.871479
0.688358	 -0.861630
0.644225	 -0.851445
0.597833	 -0.840928
0.549346	 -0.830084
0.498933	 -0.818917
0.446771	 -0.807430
0.393043	 -0.795629
0.337937	 -0.783517
0.281647	 -0.771101
0.224370	 -0.758384
0.166306	 -0.745372
0.107659	 -0.732069
0.048634	 -0.718481
-0.010560	 -0.704613
-0.069718	 -0.690471
-0.128631	 -0.676060
-0.187094	 -0.661385
-0.244900	 -0.646453
-0.301849	 -0.631269
-0.357739	 -0.615839
-0.412375	 -0.600169
-0.465566	 -0.584265
-0.517124	 -0.568133
-0.566870	 -0.551781
-0.614629	 -0.535213
-0.660234	 -0.518437
-0.703524	 -0.501458
-0.744348	 -0.484285
-0.782563	 -0.466923
-0.818035	 -0.449378
-0.850640	 -0.431659
-0.880262	 -0.413772
-0.906800	 -0.395723
-0.930158	 -0.377521
-0.950256	 -0.359171
-0.967023	 -0.340681
-0.980401	 -0.322059
-0.990342	 -0.303311
-0.996811	 -0.284445
-0.999786	 -0.265468
-0.999257	 -0.246387
-0.995225	 -0.227211
-0.987705	 -0.207946
-0.976722	 -0.188600
-0.962316	 -0.169181
-0.944536	 -0.149696
-0.923446	 -0.130152
-0.899119	 -0.110558
-0.871640	 -0.090921
-0.841105	 -0.071248
-0.807623	 -0.051548
-0.771309	 -0.031827
-0.732292	 -0.012094
-0.690707	 0.007644
-0.646702	 0.027378
-0.600430	 0.047102
-0.552053	 0.066808
-0.501741	 0.086488
-0.449670	 0.106134
-0.396023	 0.125738
-0.340988	 0.145294
-0.284758	 0.164793
-0.227529	 0.184228
-0.169503	 0.203591
-0.110883	 0.222874
-0.051874	 0.242071
0.007317	 0.261174
0.066482	 0.280175
0.125414	 0.299067
0.183907	 0.317842
0.241754	 0.336493
0.298755	 0.355013
0.354708	 0.373395
0.409418	 0.391632
0.462692	 0.409716
0.514345	 0.427640
0.564195	 0.445398
0.612067	 0.462982
0.657794	 0.480386
0.701215	 0.497603
0.742178	 0.514625
0.780540	 0.531448
0.816165	 0.548063
0.848930	 0.564465
0.878719	 0.580647
0.905427	 0.596603
0.928962	 0.612326
0.949241	 0.627811
0.966192	 0.643051
0.979757	 0.658040
0.989887	 0.672774
0.996547	 0.687245
0.999714	 0.701448
0.999377	 0.715378
0.995537	 0.729030
0.988207	 0.742397
0.977413	 0.755475
0.963193	 0.768259
0.945597	 0.780744
0.924686	 0.792924
0.900534	 0.804796
0.873225	 0.816354
0.842855	 0.827594
0.809531	 0.838512
0.773369	 0.849102
0.734497	 0.859363
0.693049	 0.869288
0.649173	 0.878875
0.603021	 0.888119
0.554755	 0.897017
0.504544	 0.905566
0.452565	 0.913762
0.399000	 0.921602
0.344036	 0.929083
0.287866	 0.936202
0.230687	 0.942957
0.172699	 0.949344
0.114106	 0.955361
0.055113	 0.961006
-0.004073	 0.966276
-0.063245	 0.971170
-0.122195	 0.975686
-0.180717	 0.979822
-0.238606	 0.983576
-0.295658	 0.986947
-0.351673	 0.989933
-0.406456	 0.992534
-0.459815	 0.994748
-0.511561	 0.996574
-0.561514	 0.998012
-0.609499	 0.999062
-0.655348	 0.999722
-0.698899	 0.999993
-0.740001	 0.999874
-0.778508	 0.999365
-0.814287	 0.998468
-0.847211	 0.997181
-0.877166	 0.995506
-0.904046	 0.993443
-0.927757	 0.990993
-0.948216	 0.988157
-0.965351	 0.984936
-0.979102	 0.981331
-0.989421	 0.977344
-0.996272	 0.972976
-0.999631	 0.968229
-0.999486	 0.963105
-0.995838	 0.957606
-0.988698	 0.951733
-0.978093	 0.945490
-0.964060	 0.938879
-0.946647	 0.931902
-0.925916	 0.924561
-0.901939	 0.916861
-0.874801	 0.908803
-0.844596	 0.900391
-0.811431	 0.891629
-0.775421	 0.882519
-0.736694	 0.873066
-0.695384	 0.863272
-0.651636	 0.853142
-0.605605	 0.842679
-0.557450	 0.831889
-0.507342	 0.820774
-0.455455	 0.809339
-0.401972	 0.797589
-0.347079	 0.785529
-0.290970	 0.773162
-0.233841	 0.760494
-0.175893	 0.747530
-0.117328	 0.734275
-0.058351	 0.720733
0.000830	 0.706911
0.060008	 0.692814
0.118976	 0.678446
0.177526	 0.663815
0.235455	 0.648924
0.292558	 0.633781
0.348635	 0.618391
0.403491	 0.602760
0.456932	 0.586894
0.508771	 0.570800
0.558827	 0.554483
0.606925	 0.537950
0.652894	 0.521207
0.696576	 0.504262
0.737815	 0.487120
0.776468	 0.469788
0.812400	 0.452274
0.845484	 0.434583
0.875604	 0.416723
0.902655	 0.398700
0.926541	 0.380522
0.947180	 0.362196
0.964499	 0.343729
0.978437	 0.325128
0.988946	 0.306400
0.995987	 0.287553
0.999538	 0.268594
0.999585	 0.249530
0.996128	 0.230369
0.989179	 0.211118
0.978763	 0.191785
0.964916	 0.172377
0.947687	 0.152902
0.927136	 0.133368
0.903335	 0.113781
0.876368	 0.094151
0.846328	 0.074483
0.813322	 0.054787
0.777466	 0.035069
0.738883	 0.015337
0.697711	 -0.004400
0.654093	 -0.024136
0.608183	 -0.043862
0.560140	 -0.063571
0.510134	 -0.083256
0.458340	 -0.102908
0.404940	 -0.122520
0.350119	 -0.142084
0.294072	 -0.161593
0.236994	 -0.181039
0.179085	 -0.200414
0.120548	 -0.219711
0.061589	 -0.238923
0.002414	 -0.258042
-0.056770	 -0.277060
-0.115754	 -0.295970
-0.174333	 -0.314765
-0.232301	 -0.333437
-0.289454	 -0.351979
-0.345593	 -0.370384
-0.400521	 -0.388645
-0.454044	 -0.406755
-0.505976	 -0.424706
-0.556135	 -0.442491
-0.604344	 -0.460105
-0.650434	 -0.477539
-0.694245	 -0.494787
-0.735622	 -0.511842
-0.774420	 -0.528697
-0.810504	 -0.545347
-0.843747	 -0.561785
-0.874032	 -0.578003
-0.901254	 -0.593996
-0.925316	 -0.609758
-0.946135	 -0.625283
-0.963638	 -0.640563
-0.977762	 -0.655594
-0.988459	 -0.670370
-0.995692	 -0.684885
-0.999434	 -0.699133
-0.999673	 -0.713108
-0.996408	 -0.726806
-0.989650	 -0.740220
-0.979423	 -0.753346
-0.965763	 -0.766179
-0.948718	 -0.778713
-0.928347	 -0.790944
-0.904722	 -0.802867
-0.877925	 -0.814476
-0.848052	 -0.825769
-0.815205	 -0.836740
-0.779501	 -0.847385
-0.741065	 -0.857699
-0.700031	 -0.867680
-0.656543	 -0.877323
-0.610754	 -0.886623
-0.562824	 -0.895579
-0.512922	 -0.904185
-0.461221	 -0.912440
-0.407903	 -0.920338
-0.353156	 -0.927879
-0.297171	 -0.935057
-0.240144	 -0.941872
-0.182275	 -0.948319
-0.123768	 -0.954397
-0.064826	 -0.960104
-0.005657	 -0.965436
0.053531	 -0.970392
0.112532	 -0.974970
0.171138	 -0.979168
0.229145	 -0.982985
0.286348	 -0.986419
0.342548	 -0.989469
0.397547	 -0.992133
0.451152	 -0.994410
0.503176	 -0.996301
0.553436	 -0.997803
0.601756	 -0.998916
0.647967	 -0.999640
0.691906	 -0.999975
0.733421	 -0.999920
0.772364	 -0.999476
0.808600	 -0.998642
0.842002	 -0.997419
0.872452	 -0.995808
0.899844	 -0.993808
0.924081	 -0.991422
0.945080	 -0.988649
0.962766	 -0.985491
0.977077	 -0.981949
0.987963	 -0.978025
0.995386	 -0.973720
0.999320	 -0.969035
0.999751	 -0.963973
0.996677	 -0.958535
0.990110	 -0.952724
0.980072	 -0.946542
0.966599	 -0.939990
0.949738	 -0.933073
0.929548	 -0.925792
0.906099	 -0.918151
0.879474	 -0.910152
0.849766	 -0.901798
0.817080	 -0.893093
0.781529	 -0.884040
0.743239	 -0.874643
0.702344	 -0.864904
0.658987	 -0.854829
0.613319	 -0.844421
0.565502	 -0.833684
0.515703	 -0.822622
0.464096	 -0.811240
0.410863	 -0.799542
0.356189	 -0.787532
0.300266	 -0.775215
0.243291	 -0.762596
0.185463	 -0.749681
0.126985	 -0.736473
0.068062	 -0.722978
0.008901	 -0.709202
-0.050292	 -0.695149
-0.109308	 -0.680826
-0.167942	 -0.666237
-0.225986	 -0.651389
-0.283239	 -0.636287
-0.339499	 -0.620937
-0.394568	 -0.605345
-0.448255	 -0.589517
-0.500370	 -0.573460
-0.550731	 -0.557179
-0.599162	 -0.540681
-0.645493	 -0.523973
-0.689561	 -0.507060
-0.731212	 -0.489950
-0.770300	 -0.472649
-0.806687	 -0.455164
-0.840247	 -0.437502
-0.870862	 -0.419669
-0.898424	 -0.401673
-0.922837	 -0.383520
-0.944015	 -0.365217
-0.961884	 -0.346773
-0.976381	 -0.328193
-0.987456	 -0.309486
-0.995069	 -0.290658
-0.999195	 -0.271716
-0.999818	 -0.252669
-0.996936	 -0.233524
-0.990560	 -0.214287
-0.980712	 -0.194967
-0.967426	 -0.175571
-0.950748	 -0.156107
-0.930739	 -0.136582
-0.907466	 -0.117003
-0.881013	 -0.097379
-0.851471	 -0.077717
-0.818945	 -0.058025
-0.783549	 -0.038310
-0.745405	 -0.018581
-0.704649	 0.001156
-0.661423	 0.020893
-0.615878	 0.040621
-0.568175	 0.060334
-0.518479	 0.080023
-0.466967	 0.099681
-0.413818	 0.119300
-0.359218	 0.138872
-0.303358	 0.158391
-0.246436	 0.177848
-0.188650	 0.197235
-0.130202	 0.216546
-0.071298	 0.235772
-0.012144	 0.254907
0.047052	 0.273942
0.106084	 0.292870
0.164743	 0.311684
0.222826	 0.330377
0.280127	 0.348941
0.336446	 0.367370
0.391586	 0.385655
0.445353	 0.403790
0.497559	 0.421767
0.548021	 0.439580
0.596562	 0.457222
0.643012	 0.474686
0.687208	 0.491965
0.728995	 0.509053
0.768227	 0.525941
0.804766	 0.542626
0.838484	 0.559098
0.869263	 0.575353
0.896995	 0.591384
0.921583	 0.607184
0.942940	 0.622748
0.960992	 0.638069
0.975675	 0.653142
0.986939	 0.667960
0.994743	 0.682518
0.999060	 0.696810
0.999875	 0.710830
0.997185	 0.724574
0.990999	 0.738036
0.981340	 0.751209
0.968242	 0.764091
0.951749	 0.776674
0.931920	 0.788955
0.908824	 0.800929
0.882543	 0.812590
0.853168	 0.823935
0.820802	 0.834959
0.785560	 0.845658
0.747563	 0.856027
0.706947	 0.866063
0.663852	 0.875761
0.618430	 0.885119
0.570841	 0.894131
0.521250	 0.902795
0.469833	 0.911107
0.416768	 0.919065
0.362243	 0.926664
0.306448	 0.933903
0.249578	 0.940777
0.191834	 0.947285
0.133417	 0.953424
0.074533	 0.959192
0.015388	 0.964585
-0.043812	 0.969604
-0.102858	 0.974244
-0.161543	 0.978505
-0.219662	 0.982384
-0.277012	 0.985881
-0.333390	 0.988994
-0.388599	 0.991722
-0.442447	 0.994063
-0.494743	 0.996017
-0.545305	 0.997582
-0.593956	 0.998760
-0.640525	 0.999548
-0.684848	 0.999947
-0.726771	 0.999956
-0.766147	 0.999575
-0.802837	 0.998806
-0.836712	 0.997647
-0.867655	 0.996099
-0.895557	 0.994164
-0.920319	 0.991841
-0.941855	 0.989131
-0.960090	 0.986037
-0.974959	 0.982558
-0.986411	 0.978696
-0.994405	 0.974453
-0.998914	 0.969831
-0.999921	 0.964831
-0.997423	 0.959454
-0.991428	 0.953704
-0.981959	 0.947583
-0.969047	 0.941092
-0.952739	 0.934235
-0.933091	 0.927014
-0.910172	 0.919431
-0.884063	 0.911491
-0.854855	 0.903195
-0.822651	 0.894547
-0.787563	 0.885551
-0.749714	 0.876210
-0.709237	 0.866528
-0.666274	 0.856508
-0.620976	 0.846154
-0.573501	 0.835471
-0.524016	 0.824462
-0.472693	 0.813132
-0.419714	 0.801486
-0.365264	 0.789527
-0.309534	 0.777260
-0.252718	 0.764691
-0.195016	 0.751823
-0.136631	 0.738663
-0.077767	 0.725215
-0.018631	 0.711485
0.040571	 0.697477
0.099631	 0.683198
0.158341	 0.668652
0.216497	 0.653846
0.273893	 0.638785
0.330330	 0.623476
0.385608	 0.607923
0.439535	 0.592134
0.491922	 0.576114
0.542583	 0.559870
0.591343	 0.543407
0.638031	 0.526733
0.682481	 0.509853
0.724540	 0.492775
0.764058	 0.475505
0.800899	 0.458050
0.834932	 0.440416
0.866038	 0.422611
0.894109	 0.404641
0.919045	 0.386513
0.940760	 0.368235
0.959177	 0.349813
0.974233	 0.331255
0.985873	 0.312569
0.994057	 0.293760
0.998757	 0.274837
0.999956	 0.255806
0.997650	 0.236676
0.991847	 0.217454
0.982567	 0.198147
0.969843	 0.178763
0.953719	 0.159310
0.934253	 0.139794
0.911511	 0.120224
0.885575	 0.100607
0.856534	 0.080951
0.824491	 0.061263
0.789557	 0.041551
0.751856	 0.021823
0.711520	 0.002087
0.668690	 -0.017650
0.623515	 -0.037380
0.576155	 -0.057096
0.526775	 -0.076789
0.475549	 -0.096453
0.422656	 -0.116079
0.368282	 -0.135660
0.312616	 -0.155187
0.255855	 -0.174655
0.198197	 -0.194054
0.139844	 -0.213378
0.081001	 -0.232619
0.021874	 -0.251769
-0.037330	 -0.270821
-0.096403	 -0.289767
-0.155138	 -0.308601
-0.213329	 -0.327314
-0.270772	 -0.345900
-0.327267	 -0.364351
-0.382614	 -0.382660
-0.436620	 -0.400820
-0.489095	 -0.418824
-0.539856	 -0.436665
-0.588725	 -0.454335
-0.635530	 -0.471829
-0.680107	 -0.489139
-0.722300	 -0.506258
-0.761962	 -0.523180
-0.798952	 -0.539898
-0.833142	 -0.556406
-0.864412	 -0.572697
-0.892651	 -0.588765
-0.917762	 -0.604604
-0.939655	 -0.620207
-0.958255	 -0.635568
-0.973496	 -0.650682
-0.985324	 -0.665543
-0.993699	 -0.680144
-0.998590	 -0.694480
-0.999981	 -0.708545
-0.997867	 -0.722335
-0.992255	 -0.735843
-0.983165	 -0.749064
-0.970629	 -0.761994
-0.954690	 -0.774627
-0.935405	 -0.786958
-0.912840	 -0.798982
-0.887077	 -0.810695
-0.858203	 -0.822093
-0.826322	 -0.833170
-0.791544	 -0.843922
-0.753991	 -0.854346
-0.713795	 -0.864437
-0.671098	 -0.874191
-0.626048	 -0.883605
-0.578803	 -0.892674
-0.529530	 -0.901395
-0.478400	 -0.909766
-0.425594	 -0.917782
-0.371295	 -0.925440
-0.315696	 -0.932738
-0.258989	 -0.939672
-0.201375	 -0.946241
-0.143055	 -0.952441
-0.084233	 -0.958269
-0.025116	 -0.963725
0.034089	 -0.968805
0.093174	 -0.973507
0.151933	 -0.977831
0.210159	 -0.981773
0.267649	 -0.985333
0.324200	 -0.988509
0.379615	 -0.991300
0.433699	 -0.993705
0.486263	 -0.995722
0.537123	 -0.997352
0.586100	 -0.998593
0.633022	 -0.999445
0.677725	 -0.999908
0.720053	 -0.999981
0.759857	 -0.999665
0.796997	 -0.998959
0.831344	 -0.997864
0.862776	 -0.996380
0.891185	 -0.994508
0.916469	 -0.992249
0.938541	 -0.989603
0.957323	 -0.986572
0.972749	 -0.983156
0.984766	 -0.979357
0.993330	 -0.975177
0.998413	 -0.970616
0.999996	 -0.965678
0.998074	 -0.960364
0.992653	 -0.954675
0.983752	 -0.948614
0.971404	 -0.942184
0.955650	 -0.935387
0.936547	 -0.928225
0.914160	 -0.920702
0.888569	 -0.912820
0.859864	 -0.904582
0.828144	 -0.895992
0.793522	 -0.887053
0.756118	 -0.877769
0.716063	 -0.868142
0.673499	 -0.858178
0.628574	 -0.847878
0.581445	 -0.837249
0.532278	 -0.826294
0.481246	 -0.815016
0.428527	 -0.803421
0.374305	 -0.791513
0.318772	 -0.779297
0.262121	 -0.766777
0.204551	 -0.753958
0.146264	 -0.740846
0.087465	 -0.727445
0.028359	 -0.713760
-0.030847	 -0.699798
-0.089944	 -0.685563
-0.148726	 -0.671061
-0.206987	 -0.656297
-0.264522	 -0.641278
-0.321130	 -0.626009
-0.376612	 -0.610496
-0.430774	 -0.594745
-0.483426	 -0.578762
-0.534384	 -0.562554
-0.583468	 -0.546127
-0.630508	 -0.529487
-0.675337	 -0.512641
-0.717799	 -0.495595
-0.757744	 -0.478356
-0.795034	 -0.460931
-0.829537	 -0.443326
-0.861132	 -0.425548
-0.889708	 -0.407605
-0.915166	 -0.389503
-0.937416	 -0.371249
-0.956380	 -0.352850
-0.971992	 -0.334314
-0.984196	 -0.315648
-0.992951	 -0.296859
-0.998225	 -0.277954
-1.000000	 -0.258941
-0.998270	 -0.239827
-0.993040	 -0.220619
-0.984330	 -0.201326
-0.972169	 -0.181954
-0.956600	 -0.162511
-0.937679	 -0.143005
-0.915470	 -0.123443
-0.890053	 -0.103833
-0.861515	 -0.084183
-0.829958	 -0.064500
-0.795491	 -0.044792
-0.758236	 -0.025066
-0.718324	 -0.005331
-0.675893	 0.014407
-0.631093	 0.034139
-0.584081	 0.053857
-0.535022	 0.073555
-0.484087	 0.093224
-0.431455	 0.112857
-0.377311	 0.132445
-0.321844	 0.151982
-0.265249	 0.171460
-0.207725	 0.190871
-0.149472	 0.210208
-0.090695	 0.229463
-0.031601	 0.248628
0.027605	 0.267697
0.086713	 0.286661
0.145518	 0.305514
0.203812	 0.324247
0.261393	 0.342855
0.318056	 0.361328
0.373605	 0.379661
0.427845	 0.397846
0.480585	 0.415876
0.531640	 0.433744
0.580831	 0.451443
0.627987	 0.468967
0.672941	 0.486307
0.715537	 0.503458
0.755624	 0.520413
0.793062	 0.537165
0.827721	 0.553708
0.859478	 0.570035
0.888223	 0.586140
0.913854	 0.602017
0.936282	 0.617659
0.955428	 0.633061
0.971224	 0.648216
0.983617	 0.663118
0.992561	 0.677762
0.998027	 0.692142
0.999993	 0.706253
0.998455	 0.720088
0.993417	 0.733643
0.984896	 0.746912
0.972924	 0.759890
0.957540	 0.772571
0.938801	 0.784952
0.916770	 0.797028
0.891526	 0.808792
0.863157	 0.820242
0.831763	 0.831372
0.797453	 0.842178
0.760347	 0.852656
0.720576	 0.862802
0.678280	 0.872611
0.633606	 0.882081
0.586711	 0.891207
0.537759	 0.899986
0.486922	 0.908414
0.434379	 0.916489
0.380313	 0.924206
0.324914	 0.931564
0.268375	 0.938558
0.210897	 0.945187
0.152678	 0.951447
0.093925	 0.957337
0.034843	 0.962854
-0.024362	 0.967996
-0.083481	 0.972761
-0.142308	 0.977146
-0.200636	 0.981151
-0.258260	 0.984774
-0.314980	 0.988013
-0.370595	 0.990868
-0.424911	 0.993336
-0.477738	 0.995417
-0.528890	 0.997111
-0.578188	 0.998416
-0.625459	 0.999332
-0.670538	 0.999859
-0.713267	 0.999996
-0.753495	 0.999743
-0.791082	 0.999102
-0.825897	 0.998071
-0.857816	 0.996651
-0.886728	 0.994842
-0.912532	 0.992647
-0.935138	 0.990064
-0.954465	 0.987096
-0.970447	 0.983743
-0.983027	 0.980008
-0.992161	 0.975890
-0.997818	 0.971392
-0.999976	 0.966516
-0.998630	 0.961263
-0.993783	 0.955635
-0.985453	 0.949636
-0.973668	 0.943266
-0.958471	 0.936529
-0.939913	 0.929427
-0.918061	 0.921963
-0.892991	 0.914140
-0.864791	 0.905960
-0.833559	 0.897428
-0.799406	 0.888546
-0.762450	 0.879318
-0.722822	 0.869748
-0.680660	 0.859838
-0.636112	 0.849594
-0.589334	 0.839018
-0.540491	 0.828116
-0.489753	 0.816891
-0.437298	 0.805348
-0.383311	 0.793491
-0.327979	 0.781325
-0.271499	 0.768855
-0.214066	 0.756085
-0.155883	 0.743020
-0.097154	 0.729666
-0.038084	 0.716028
0.021119	 0.702111
0.080249	 0.687920
0.139097	 0.673462
0.197457	 0.658741
0.255125	 0.643763
0.311899	 0.628535
0.367580	 0.613061
0.421972	 0.597349
0.474886	 0.581404
0.526134	 0.565233
0.575538	 0.548841
0.622925	 0.532236
0.668128	 0.515423
0.710990	 0.498410
0.751359	 0.481202
0.789094	 0.463807
0.824063	 0.446231
0.856144	 0.428481
0.885224	 0.410565
0.911201	 0.392488
0.933984	 0.374259
0.953492	 0.355883
0.969659	 0.337369
0.982427	 0.318724
0.991751	 0.299954
0.997598	 0.281068
0.999949	 0.262072
0.998795	 0.242974
0.994139	 0.223782
0.985999	 0.204502
0.974402	 0.185142
0.959391	 0.165711
0.941016	 0.146215
0.919342	 0.126661
0.894446	 0.107059
0.866415	 0.087415
0.835347	 0.067737
0.801350	 0.048032
0.764545	 0.028309
0.725059	 0.008574
0.683032	 -0.011164
0.638611	 -0.030897
0.591952	 -0.050618
0.543217	 -0.070320
0.492578	 -0.089994
0.440213	 -0.109633
0.386304	 -0.129230
0.331042	 -0.148776
0.274619	 -0.168264
0.217233	 -0.187686
0.159086	 -0.207036
0.100382	 -0.226305
0.041325	 -0.245485
-0.017876	 -0.264570
-0.077015	 -0.283552
-0.135884	 -0.302424
-0.194276	 -0.321177
-0.251988	 -0.339806
-0.308816	 -0.358302
-0.364562	 -0.376659
-0.419030	 -0.394868
-0.472029	 -0.412924
-0.523373	 -0.430820
-0.572883	 -0.448547
-0.620384	 -0.466099
-0.665712	 -0.483470
-0.708705	 -0.500653
-0.749214	 -0.517641
-0.787098	 -0.534426
-0.822222	 -0.551004
-0.854464	 -0.567367
-0.883711	 -0.583509
-0.909860	 -0.599424
-0.932820	 -0.615105
-0.952510	 -0.630547
-0.968861	 -0.645743
-0.981816	 -0.660687
-0.991330	 -0.675374
-0.997368	 -0.689798
-0.999911	 -0.703953
-0.998948	 -0.717834
-0.994485	 -0.731435
-0.986535	 -0.744751
-0.975127	 -0.757777
-0.960300	 -0.770508
-0.942108	 -0.782939
-0.920614	 -0.795064
-0.895892	 -0.806880
-0.868030	 -0.818382
-0.837125	 -0.829565
-0.803286	 -0.840424
-0.766631	 -0.850957
-0.727289	 -0.861157
-0.685398	 -0.871023
-0.641104	 -0.880548
-0.594563	 -0.889731
-0.545937	 -0.898568
-0.495398	 -0.907054
-0.443123	 -0.915186
-0.389294	 -0.922963
-0.334101	 -0.930379
-0.277736	 -0.937434
-0.220398	 -0.944123
-0.162288	 -0.950444
-0.103608	 -0.956395
-0.044566	 -0.961973
0.014633	 -0.967177
0.073781	 -0.972004
0.132670	 -0.976452
0.191094	 -0.980519
0.248848	 -0.984205
0.305729	 -0.987508
0.361540	 -0.990425
0.416082	 -0.992957
0.469167	 -0.995102
0.520606	 -0.996859
0.570221	 -0.998228
0.617837	 -0.999208
0.663288	 -0.999799
0.706413	 -1.000000
0.747062	 -0.999812
0.785093	 -0.999234
0.820371	 -0.998267
0.852774	 -0.996911
0.882188	 -0.995166
0.908509	 -0.993034
0.931646	 -0.990515
0.951517	 -0.987610
0.968053	 -0.984321
0.981195	 -0.980648
0.990898	 -0.976593
0.997128	 -0.972157
0.999862	 -0.967343
0.999092	 -0.962152
0.994819	 -0.956586
0.987060	 -0.950647
0.975840	 -0.944338
0.961200	 -0.937661
0.943191	 -0.930619
0.921875	 -0.923214
0.897328	 -0.915450
0.869636	 -0.907329
0.838895	 -0.898854
0.805214	 -0.890030
0.768710	 -0.880858
0.729512	 -0.871344
0.687756	 -0.861490
0.643590	 -0.851300
0.597168	 -0.840779
0.548652	 -0.829930
0.498213	 -0.818758
0.446028	 -0.807267
0.392280	 -0.795461
0.337156	 -0.783345
0.280851	 -0.770925
0.223561	 -0.758204
0.165487	 -0.745187
0.106834	 -0.731881
0.047806	 -0.718289
-0.011390	 -0.704417
-0.070546	 -0.690271
-0.129454	 -0.675856
-0.187909	 -0.661178
-0.245705	 -0.646242
-0.302640	 -0.631054
-0.358513	 -0.615621
-0.413131	 -0.599947
-0.466300	 -0.584040
-0.517834	 -0.567906
-0.567554	 -0.551550
-0.615284	 -0.534979
-0.660857	 -0.518200
-0.704113	 -0.501219
-0.744902	 -0.484043
-0.783080	 -0.466678
-0.818512	 -0.449131
-0.851076	 -0.431410
-0.880656	 -0.413520
-0.907149	 -0.395469
-0.930462	 -0.377264
-0.950514	 -0.358913
-0.967234	 -0.340421
-0.980564	 -0.321797
-0.990456	 -0.303047
-0.996877	 -0.284179
-0.999803	 -0.265201
-0.999225	 -0.246119
-0.995144	 -0.226942
-0.987575	 -0.207676
-0.976544	 -0.188329
-0.962090	 -0.168909
-0.944264	 -0.149422
-0.923127	 -0.129878
-0.898755	 -0.110283
-0.871233	 -0.090645
-0.840656	 -0.070972
-0.807133	 -0.051271
-0.770781	 -0.031551
-0.731726	 -0.011818
-0.690107	 0.007920
-0.646069	 0.027655
-0.599766	 0.047379
-0.551361	 0.067084
-0.501023	 0.086763
-0.448929	 0.106409
-0.395261	 0.126013
-0.340208	 0.145567
-0.283962	 0.165066
-0.226721	 0.184499
-0.168685	 0.203861
-0.110058	 0.223144
-0.051045	 0.242340
0.008147	 0.261441
0.067310	 0.280440
0.126237	 0.299330
0.184722	 0.318104
0.242559	 0.336754
0.299546	 0.355272
0.355484	 0.373652
0.410175	 0.391886
0.463428	 0.409968
0.515057	 0.427890
0.564880	 0.445646
0.612723	 0.463227
0.658419	 0.480629
0.701807	 0.497843
0.742734	 0.514863
0.781058	 0.531682
0.816644	 0.548294
0.849368	 0.564693
0.879114	 0.580872
0.905779	 0.596824
0.929269	 0.612544
0.949502	 0.628026
0.966406	 0.643262
0.979922	 0.658249
0.990004	 0.672978
0.996616	 0.687446
0.999734	 0.701645
0.999347	 0.715572
0.995458	 0.729219
0.988079	 0.742583
0.977237	 0.755657
0.962969	 0.768436
0.945326	 0.780917
0.924370	 0.793093
0.900173	 0.804960
0.872820	 0.816514
0.842408	 0.827749
0.809044	 0.838662
0.772843	 0.849249
0.733933	 0.859504
0.692451	 0.869425
0.648541	 0.879007
0.602358	 0.888246
0.554064	 0.897139
0.503828	 0.905683
0.451825	 0.913874
0.398239	 0.921709
0.343256	 0.929185
0.287071	 0.936299
0.229879	 0.943049
0.171882	 0.949430
0.113282	 0.955442
0.054284	 0.961082
-0.004903	 0.966347
-0.064073	 0.971236
-0.123019	 0.975747
-0.181533	 0.979877
-0.239411	 0.983626
-0.296450	 0.986991
-0.352450	 0.989972
-0.407214	 0.992567
-0.460551	 0.994776
-0.512274	 0.996597
-0.562201	 0.998030
-0.610157	 0.999074
-0.655974	 0.999728
-0.699492	 0.999994
-0.740558	 0.999869
-0.779029	 0.999355
-0.814768	 0.998452
-0.847652	 0.997160
-0.877564	 0.995480
-0.904400	 0.993411
-0.928066	 0.990956
-0.948479	 0.988114
-0.965567	 0.984888
-0.979270	 0.981278
-0.989541	 0.977285
-0.996344	 0.972912
-0.999653	 0.968160
-0.999459	 0.963031
-0.995762	 0.957526
-0.988573	 0.951648
-0.977920	 0.945400
-0.963839	 0.938784
-0.946379	 0.931801
-0.925602	 0.924456
-0.901580	 0.916750
-0.874399	 0.908688
-0.844152	 0.900271
-0.810946	 0.891504
-0.774897	 0.882389
-0.736133	 0.872931
-0.694787	 0.863132
-0.651007	 0.852997
-0.604944	 0.842530
-0.556761	 0.831735
-0.506627	 0.820616
-0.454716	 0.809177
-0.401212	 0.797422
-0.346301	 0.785358
-0.290176	 0.772987
-0.233035	 0.760315
-0.175076	 0.747346
-0.116504	 0.734087
-0.057523	 0.720542
0.001659	 0.706716
0.060836	 0.692614
0.119799	 0.678243
0.178343	 0.663608
0.236261	 0.648714
0.293351	 0.633567
0.349413	 0.618174
0.404250	 0.602539
0.457670	 0.586670
0.509485	 0.570572
0.559515	 0.554253
0.607584	 0.537717
0.653523	 0.520971
0.697171	 0.504023
0.738375	 0.486879
0.776991	 0.469544
0.812883	 0.452027
0.845926	 0.434334
0.876004	 0.416471
0.903011	 0.398446
0.926853	 0.380266
0.947446	 0.361938
0.964718	 0.343469
0.978608	 0.324866
0.989068	 0.306137
0.996061	 0.287288
0.999563	 0.268327
0.999561	 0.249262
0.996055	 0.230100
0.989057	 0.210848
0.978593	 0.191513
0.964698	 0.172105
0.947422	 0.152629
0.926825	 0.133094
0.902979	 0.113507
0.875968	 0.093875
0.845886	 0.074207
0.812839	 0.054510
0.776943	 0.034792
0.738324	 0.015061
0.697117	 -0.004677
0.653466	 -0.024412
0.607524	 -0.044138
0.559453	 -0.063847
0.509421	 -0.083531
0.457603	 -0.103183
0.404181	 -0.122794
0.349342	 -0.142358
0.293279	 -0.161866
0.236188	 -0.181311
0.178269	 -0.200685
0.119725	 -0.219981
0.060761	 -0.239192
0.001584	 -0.258309
-0.057598	 -0.277325
-0.116578	 -0.296234
-0.175150	 -0.315027
-0.233108	 -0.333698
-0.290249	 -0.352238
-0.346372	 -0.370641
-0.401281	 -0.388900
-0.454783	 -0.407008
-0.506692	 -0.424956
-0.556824	 -0.442739
-0.605004	 -0.460350
-0.651064	 -0.477782
-0.694842	 -0.495027
-0.736184	 -0.512079
-0.774945	 -0.528932
-0.810990	 -0.545579
-0.844192	 -0.562013
-0.874435	 -0.578229
-0.901613	 -0.594219
-0.925631	 -0.609977
-0.946404	 -0.625498
-0.963859	 -0.640776
-0.977936	 -0.655803
-0.988585	 -0.670575
-0.995768	 -0.685086
-0.999462	 -0.699330
-0.999652	 -0.713302
-0.996337	 -0.726996
-0.989531	 -0.740406
-0.979255	 -0.753528
-0.965547	 -0.766357
-0.948455	 -0.778887
-0.928038	 -0.791113
-0.904368	 -0.803031
-0.877528	 -0.814637
-0.847612	 -0.825925
-0.814724	 -0.836891
